      z[m]      p[mb]      tp[K]    q[g/kg]     u[m/s]     v[m/s]
      0.00,         64,    1005.50
     25.00000000	   -999.00000000	    298.48513794	     15.46983433	      0.00000000	      0.00000000
     83.51000214	   -999.00000000	    298.41122437	     14.94432354	      0.00000000	      0.00000000
    152.28999329	   -999.00000000	    298.46710205	     14.81918144	      0.00000000	      0.00000000
    233.53999329	   -999.00000000	    298.54150391	     14.72231674	      0.00000000	      0.00000000
    330.01000977	   -999.00000000	    298.62753296	     14.60442448	      0.00000000	      0.00000000
    445.17001343	   -999.00000000	    298.73876953	     14.41393566	      0.00000000	      0.00000000
    583.38000488	   -999.00000000	    298.91543579	     14.08508778	      0.00000000	      0.00000000
    750.01000977	   -999.00000000	    299.25875854	     13.47605801	      0.00000000	      0.00000000
    951.58001709	   -999.00000000	    299.89608765	     12.52412319	      0.00000000	      0.00000000
   1195.53002930	   -999.00000000	    300.83618164	     11.44012547	      0.00000000	      0.00000000
   1489.44995117	   -999.00000000	    302.04888916	     10.37070465	      0.00000000	      0.00000000
   1839.10998535	   -999.00000000	    303.50332642	      9.33488464	      0.00000000	      0.00000000
   2244.66992188	   -999.00000000	    305.18630981	      8.29475975	      0.00000000	      0.00000000
   2697.28002930	   -999.00000000	    307.07757568	      7.23808622	      0.00000000	      0.00000000
   3182.01000977	   -999.00000000	    309.12930298	      6.19057512	      0.00000000	      0.00000000
   3681.28002930	   -999.00000000	    311.26834106	      5.19581270	      0.00000000	      0.00000000
   4181.50976563	   -999.00000000	    313.43032837	      4.28512907	      0.00000000	      0.00000000
   4681.00000000	   -999.00000000	    315.58218384	      3.47881842	      0.00000000	      0.00000000
   5180.93994141	   -999.00000000	    317.67361450	      2.78991103	      0.00000000	      0.00000000
   5681.06982422	   -999.00000000	    319.68579102	      2.20272899	      0.00000000	      0.00000000
   6181.08984375	   -999.00000000	    321.62921143	      1.69300103	      0.00000000	      0.00000000
   6681.04980469	   -999.00000000	    323.48358154	      1.25983119	      0.00000000	      0.00000000
   7181.04980469	   -999.00000000	    325.19146729	      0.91555047	      0.00000000	      0.00000000
   7681.06005859	   -999.00000000	    326.70007324	      0.66041088	      0.00000000	      0.00000000
   8181.06005859	   -999.00000000	    328.00372314	      0.47596553	      0.00000000	      0.00000000
   8681.05957031	   -999.00000000	    329.11782837	      0.34223321	      0.00000000	      0.00000000
   9181.05957031	   -999.00000000	    330.06265259	      0.24380155	      0.00000000	      0.00000000
   9681.04980469	   -999.00000000	    330.86022949	      0.17105605	      0.00000000	      0.00000000
  10181.04003906	   -999.00000000	    331.53549194	      0.11841010	      0.00000000	      0.00000000
  10681.11035156	   -999.00000000	    332.11013794	      0.08204044	      0.00000000	      0.00000000
  11181.13964844	   -999.00000000	    332.60913086	      0.05788169	      0.00000000	      0.00000000
  11680.87988281	   -999.00000000	    333.06524658	      0.04124112	      0.00000000	      0.00000000
  12180.76953125	   -999.00000000	    333.55471802	      0.02880040	      0.00000000	      0.00000000
  12681.71972656	   -999.00000000	    334.37026978	      0.01683350	      0.00000000	      0.00000000
  13182.12011719	   -999.00000000	    335.88272095	      0.00942664	      0.00000000	      0.00000000
  13676.61035156	   -999.00000000	    338.52728271	      0.00600549	      0.00000000	      0.00000000
  14155.59960938	   -999.00000000	    342.87893677	      0.00455182	      0.00000000	      0.00000000
  14606.75976563	   -999.00000000	    349.11062622	      0.00386037	      0.00000000	      0.00000000
  15019.34960938	   -999.00000000	    356.42645264	      0.00380680	      0.00000000	      0.00000000
  15386.38964844	   -999.00000000	    363.48275757	      0.00410275	      0.00000000	      0.00000000
  15706.25976563	   -999.00000000	    369.41677856	      0.00438951	      0.00000000	      0.00000000
  15981.98046875	   -999.00000000	    374.22247314	      0.00451905	      0.00000000	      0.00000000
  16218.66992188	   -999.00000000	    378.27664185	      0.00452979	      0.00000000	      0.00000000
  16422.36914063	   -999.00000000	    381.90988159	      0.00447524	      0.00000000	      0.00000000
  16599.28906250	   -999.00000000	    385.32455444	      0.00434879	      0.00000000	      0.00000000
  16754.97070313	   -999.00000000	    388.57568359	      0.00416539	      0.00000000	      0.00000000
  16894.13085938	   -999.00000000	    391.67041016	      0.00395772	      0.00000000	      0.00000000
  17020.66015625	   -999.00000000	    394.59713745	      0.00376230	      0.00000000	      0.00000000
  17137.80078125	   -999.00000000	    397.35720825	      0.00360752	      0.00000000	      0.00000000
  17248.09960938	   -999.00000000	    399.97103882	      0.00350760	      0.00000000	      0.00000000
  17353.49023438	   -999.00000000	    402.46801758	      0.00346051	      0.00000000	      0.00000000
  17455.50976563	   -999.00000000	    404.88403320	      0.00344836	      0.00000000	      0.00000000
  17555.42968750	   -999.00000000	    407.25216675	      0.00344771	      0.00000000	      0.00000000
  17654.27929688	   -999.00000000	    409.60122681	      0.00344724	      0.00000000	      0.00000000
  17752.85937500	   -999.00000000	    411.95590210	      0.00344371	      0.00000000	      0.00000000
  17851.68945313	   -999.00000000	    414.34017944	      0.00343609	      0.00000000	      0.00000000
  17951.08007813	   -999.00000000	    416.78509521	      0.00342734	      0.00000000	      0.00000000
  18051.08007813	   -999.00000000	    419.31594849	      0.00342131	      0.00000000	      0.00000000
  18151.57031250	   -999.00000000	    421.92114258	      0.00341930	      0.00000000	      0.00000000
  18252.36914063	   -999.00000000	    424.55740356	      0.00341921	      0.00000000	      0.00000000
  18353.34960938	   -999.00000000	    427.19778442	      0.00341912	      0.00000000	      0.00000000
  18454.38085938	   -999.00000000	    429.84692383	      0.00341904	      0.00000000	      0.00000000
  18555.35937500	   -999.00000000	    432.52923584	      0.00341902	      0.00000000	      0.00000000
  18656.21093750	   -999.00000000	    435.22061157	      0.00341909	      0.00000000	      0.00000000
  10000.00,         64,    1005.50
     25.00000000	   -999.00000000	    298.48513794	     15.46983433	      0.00000000	      0.00000000
     83.51000214	   -999.00000000	    298.41122437	     14.94432354	      0.00000000	      0.00000000
    152.28999329	   -999.00000000	    298.46710205	     14.81918144	      0.00000000	      0.00000000
    233.53999329	   -999.00000000	    298.54150391	     14.72231674	      0.00000000	      0.00000000
    330.01000977	   -999.00000000	    298.62753296	     14.60442448	      0.00000000	      0.00000000
    445.17001343	   -999.00000000	    298.73876953	     14.41393566	      0.00000000	      0.00000000
    583.38000488	   -999.00000000	    298.91543579	     14.08508778	      0.00000000	      0.00000000
    750.01000977	   -999.00000000	    299.25875854	     13.47605801	      0.00000000	      0.00000000
    951.58001709	   -999.00000000	    299.89608765	     12.52412319	      0.00000000	      0.00000000
   1195.53002930	   -999.00000000	    300.83618164	     11.44012547	      0.00000000	      0.00000000
   1489.44995117	   -999.00000000	    302.04888916	     10.37070465	      0.00000000	      0.00000000
   1839.10998535	   -999.00000000	    303.50332642	      9.33488464	      0.00000000	      0.00000000
   2244.66992188	   -999.00000000	    305.18630981	      8.29475975	      0.00000000	      0.00000000
   2697.28002930	   -999.00000000	    307.07757568	      7.23808622	      0.00000000	      0.00000000
   3182.01000977	   -999.00000000	    309.12930298	      6.19057512	      0.00000000	      0.00000000
   3681.28002930	   -999.00000000	    311.26834106	      5.19581270	      0.00000000	      0.00000000
   4181.50976563	   -999.00000000	    313.43032837	      4.28512907	      0.00000000	      0.00000000
   4681.00000000	   -999.00000000	    315.58218384	      3.47881842	      0.00000000	      0.00000000
   5180.93994141	   -999.00000000	    317.67361450	      2.78991103	      0.00000000	      0.00000000
   5681.06982422	   -999.00000000	    319.68579102	      2.20272899	      0.00000000	      0.00000000
   6181.08984375	   -999.00000000	    321.62921143	      1.69300103	      0.00000000	      0.00000000
   6681.04980469	   -999.00000000	    323.48358154	      1.25983119	      0.00000000	      0.00000000
   7181.04980469	   -999.00000000	    325.19146729	      0.91555047	      0.00000000	      0.00000000
   7681.06005859	   -999.00000000	    326.70007324	      0.66041088	      0.00000000	      0.00000000
   8181.06005859	   -999.00000000	    328.00372314	      0.47596553	      0.00000000	      0.00000000
   8681.05957031	   -999.00000000	    329.11782837	      0.34223321	      0.00000000	      0.00000000
   9181.05957031	   -999.00000000	    330.06265259	      0.24380155	      0.00000000	      0.00000000
   9681.04980469	   -999.00000000	    330.86022949	      0.17105605	      0.00000000	      0.00000000
  10181.04003906	   -999.00000000	    331.53549194	      0.11841010	      0.00000000	      0.00000000
  10681.11035156	   -999.00000000	    332.11013794	      0.08204044	      0.00000000	      0.00000000
  11181.13964844	   -999.00000000	    332.60913086	      0.05788169	      0.00000000	      0.00000000
  11680.87988281	   -999.00000000	    333.06524658	      0.04124112	      0.00000000	      0.00000000
  12180.76953125	   -999.00000000	    333.55471802	      0.02880040	      0.00000000	      0.00000000
  12681.71972656	   -999.00000000	    334.37026978	      0.01683350	      0.00000000	      0.00000000
  13182.12011719	   -999.00000000	    335.88272095	      0.00942664	      0.00000000	      0.00000000
  13676.61035156	   -999.00000000	    338.52728271	      0.00600549	      0.00000000	      0.00000000
  14155.59960938	   -999.00000000	    342.87893677	      0.00455182	      0.00000000	      0.00000000
  14606.75976563	   -999.00000000	    349.11062622	      0.00386037	      0.00000000	      0.00000000
  15019.34960938	   -999.00000000	    356.42645264	      0.00380680	      0.00000000	      0.00000000
  15386.38964844	   -999.00000000	    363.48275757	      0.00410275	      0.00000000	      0.00000000
  15706.25976563	   -999.00000000	    369.41677856	      0.00438951	      0.00000000	      0.00000000
  15981.98046875	   -999.00000000	    374.22247314	      0.00451905	      0.00000000	      0.00000000
  16218.66992188	   -999.00000000	    378.27664185	      0.00452979	      0.00000000	      0.00000000
  16422.36914063	   -999.00000000	    381.90988159	      0.00447524	      0.00000000	      0.00000000
  16599.28906250	   -999.00000000	    385.32455444	      0.00434879	      0.00000000	      0.00000000
  16754.97070313	   -999.00000000	    388.57568359	      0.00416539	      0.00000000	      0.00000000
  16894.13085938	   -999.00000000	    391.67041016	      0.00395772	      0.00000000	      0.00000000
  17020.66015625	   -999.00000000	    394.59713745	      0.00376230	      0.00000000	      0.00000000
  17137.80078125	   -999.00000000	    397.35720825	      0.00360752	      0.00000000	      0.00000000
  17248.09960938	   -999.00000000	    399.97103882	      0.00350760	      0.00000000	      0.00000000
  17353.49023438	   -999.00000000	    402.46801758	      0.00346051	      0.00000000	      0.00000000
  17455.50976563	   -999.00000000	    404.88403320	      0.00344836	      0.00000000	      0.00000000
  17555.42968750	   -999.00000000	    407.25216675	      0.00344771	      0.00000000	      0.00000000
  17654.27929688	   -999.00000000	    409.60122681	      0.00344724	      0.00000000	      0.00000000
  17752.85937500	   -999.00000000	    411.95590210	      0.00344371	      0.00000000	      0.00000000
  17851.68945313	   -999.00000000	    414.34017944	      0.00343609	      0.00000000	      0.00000000
  17951.08007813	   -999.00000000	    416.78509521	      0.00342734	      0.00000000	      0.00000000
  18051.08007813	   -999.00000000	    419.31594849	      0.00342131	      0.00000000	      0.00000000
  18151.57031250	   -999.00000000	    421.92114258	      0.00341930	      0.00000000	      0.00000000
  18252.36914063	   -999.00000000	    424.55740356	      0.00341921	      0.00000000	      0.00000000
  18353.34960938	   -999.00000000	    427.19778442	      0.00341912	      0.00000000	      0.00000000
  18454.38085938	   -999.00000000	    429.84692383	      0.00341904	      0.00000000	      0.00000000
  18555.35937500	   -999.00000000	    432.52923584	      0.00341902	      0.00000000	      0.00000000
  18656.21093750	   -999.00000000	    435.22061157	      0.00341909	      0.00000000	      0.00000000
