      z[m]      p[mb]      tp[K]    q[g/kg]     u[m/s]     v[m/s]
      0.00,         64,    1005.50
     25.00000000	   -999.00000000	    299.10226440	     16.39644623	      0.00000000	      0.00000000
     83.51000214	   -999.00000000	    299.04904175	     15.90582848	      0.00000000	      0.00000000
    152.28999329	   -999.00000000	    299.10275269	     15.78985023	      0.00000000	      0.00000000
    233.53999329	   -999.00000000	    299.17355347	     15.69193077	      0.00000000	      0.00000000
    330.01000977	   -999.00000000	    299.25640869	     15.56471348	      0.00000000	      0.00000000
    445.17001343	   -999.00000000	    299.37139893	     15.34747601	      0.00000000	      0.00000000
    583.38000488	   -999.00000000	    299.57287598	     14.95207596	      0.00000000	      0.00000000
    750.01000977	   -999.00000000	    299.98526001	     14.20904827	      0.00000000	      0.00000000
    951.58001709	   -999.00000000	    300.70001221	     13.16487503	      0.00000000	      0.00000000
   1195.53002930	   -999.00000000	    301.69503784	     12.05861950	      0.00000000	      0.00000000
   1489.44995117	   -999.00000000	    302.94088745	     10.99079037	      0.00000000	      0.00000000
   1839.10998535	   -999.00000000	    304.42898560	      9.93481636	      0.00000000	      0.00000000
   2244.66992188	   -999.00000000	    306.15274048	      8.84291935	      0.00000000	      0.00000000
   2697.28002930	   -999.00000000	    308.08258057	      7.72079611	      0.00000000	      0.00000000
   3182.01000977	   -999.00000000	    310.16326904	      6.61470032	      0.00000000	      0.00000000
   3681.28002930	   -999.00000000	    312.32330322	      5.57487488	      0.00000000	      0.00000000
   4181.50976563	   -999.00000000	    314.50955200	      4.62731600	      0.00000000	      0.00000000
   4681.00000000	   -999.00000000	    316.70431519	      3.78093648	      0.00000000	      0.00000000
   5180.93994141	   -999.00000000	    318.86239624	      3.05075169	      0.00000000	      0.00000000
   5681.06982422	   -999.00000000	    320.93963623	      2.43198442	      0.00000000	      0.00000000
   6181.08984375	   -999.00000000	    322.94012451	      1.89630759	      0.00000000	      0.00000000
   6681.04980469	   -999.00000000	    324.86294556	      1.43305016	      0.00000000	      0.00000000
   7181.04980469	   -999.00000000	    326.66665649	      1.05342972	      0.00000000	      0.00000000
   7681.06005859	   -999.00000000	    328.29306030	      0.76512545	      0.00000000	      0.00000000
   8181.06005859	   -999.00000000	    329.72219849	      0.55524796	      0.00000000	      0.00000000
   8681.05957031	   -999.00000000	    330.96575928	      0.40180531	      0.00000000	      0.00000000
   9181.05957031	   -999.00000000	    332.04180908	      0.28704727	      0.00000000	      0.00000000
   9681.04980469	   -999.00000000	    332.96600342	      0.20149279	      0.00000000	      0.00000000
  10181.04003906	   -999.00000000	    333.75753784	      0.13947380	      0.00000000	      0.00000000
  10681.11035156	   -999.00000000	    334.43646240	      0.09614984	      0.00000000	      0.00000000
  11181.13964844	   -999.00000000	    335.02645874	      0.06698339	      0.00000000	      0.00000000
  11680.87988281	   -999.00000000	    335.56597900	      0.04713932	      0.00000000	      0.00000000
  12180.76953125	   -999.00000000	    336.15716553	      0.03267281	      0.00000000	      0.00000000
  12681.71972656	   -999.00000000	    337.18109131	      0.01925701	      0.00000000	      0.00000000
  13182.12011719	   -999.00000000	    339.08956909	      0.01096002	      0.00000000	      0.00000000
  13676.61035156	   -999.00000000	    342.32666016	      0.00766023	      0.00000000	      0.00000000
  14155.59960938	   -999.00000000	    347.31283569	      0.00654572	      0.00000000	      0.00000000
  14606.75976563	   -999.00000000	    353.90344238	      0.00612815	      0.00000000	      0.00000000
  15019.34960938	   -999.00000000	    361.14425659	      0.00629617	      0.00000000	      0.00000000
  15386.38964844	   -999.00000000	    367.93017578	      0.00677506	      0.00000000	      0.00000000
  15706.25976563	   -999.00000000	    373.78686523	      0.00716371	      0.00000000	      0.00000000
  15981.98046875	   -999.00000000	    378.87762451	      0.00722221	      0.00000000	      0.00000000
  16218.66992188	   -999.00000000	    383.47863770	      0.00689307	      0.00000000	      0.00000000
  16422.36914063	   -999.00000000	    387.72167969	      0.00621736	      0.00000000	      0.00000000
  16599.28906250	   -999.00000000	    391.65359497	      0.00538718	      0.00000000	      0.00000000
  16754.97070313	   -999.00000000	    395.33843994	      0.00460695	      0.00000000	      0.00000000
  16894.13085938	   -999.00000000	    398.78613281	      0.00401225	      0.00000000	      0.00000000
  17020.66015625	   -999.00000000	    401.98150635	      0.00365242	      0.00000000	      0.00000000
  17137.80078125	   -999.00000000	    404.93548584	      0.00350252	      0.00000000	      0.00000000
  17248.09960938	   -999.00000000	    407.69360352	      0.00348084	      0.00000000	      0.00000000
  17353.49023438	   -999.00000000	    410.31326294	      0.00348349	      0.00000000	      0.00000000
  17455.50976563	   -999.00000000	    412.84899902	      0.00348475	      0.00000000	      0.00000000
  17555.42968750	   -999.00000000	    415.33947754	      0.00347894	      0.00000000	      0.00000000
  17654.27929688	   -999.00000000	    417.80944824	      0.00346393	      0.00000000	      0.00000000
  17752.85937500	   -999.00000000	    420.27883911	      0.00344466	      0.00000000	      0.00000000
  17851.68945313	   -999.00000000	    422.76864624	      0.00342837	      0.00000000	      0.00000000
  17951.08007813	   -999.00000000	    425.31390381	      0.00342024	      0.00000000	      0.00000000
  18051.08007813	   -999.00000000	    427.94421387	      0.00341975	      0.00000000	      0.00000000
  18151.57031250	   -999.00000000	    430.64758301	      0.00341970	      0.00000000	      0.00000000
  18252.36914063	   -999.00000000	    433.37826538	      0.00341952	      0.00000000	      0.00000000
  18353.34960938	   -999.00000000	    436.10592651	      0.00341920	      0.00000000	      0.00000000
  18454.38085938	   -999.00000000	    438.83355713	      0.00341912	      0.00000000	      0.00000000
  18555.35937500	   -999.00000000	    441.58834839	      0.00341911	      0.00000000	      0.00000000
  18656.21093750	   -999.00000000	    444.35345459	      0.00341923	      0.00000000	      0.00000000
  10000.00,         64,    1005.50
     25.00000000	   -999.00000000	    299.10226440	     16.39644623	      0.00000000	      0.00000000
     83.51000214	   -999.00000000	    299.04904175	     15.90582848	      0.00000000	      0.00000000
    152.28999329	   -999.00000000	    299.10275269	     15.78985023	      0.00000000	      0.00000000
    233.53999329	   -999.00000000	    299.17355347	     15.69193077	      0.00000000	      0.00000000
    330.01000977	   -999.00000000	    299.25640869	     15.56471348	      0.00000000	      0.00000000
    445.17001343	   -999.00000000	    299.37139893	     15.34747601	      0.00000000	      0.00000000
    583.38000488	   -999.00000000	    299.57287598	     14.95207596	      0.00000000	      0.00000000
    750.01000977	   -999.00000000	    299.98526001	     14.20904827	      0.00000000	      0.00000000
    951.58001709	   -999.00000000	    300.70001221	     13.16487503	      0.00000000	      0.00000000
   1195.53002930	   -999.00000000	    301.69503784	     12.05861950	      0.00000000	      0.00000000
   1489.44995117	   -999.00000000	    302.94088745	     10.99079037	      0.00000000	      0.00000000
   1839.10998535	   -999.00000000	    304.42898560	      9.93481636	      0.00000000	      0.00000000
   2244.66992188	   -999.00000000	    306.15274048	      8.84291935	      0.00000000	      0.00000000
   2697.28002930	   -999.00000000	    308.08258057	      7.72079611	      0.00000000	      0.00000000
   3182.01000977	   -999.00000000	    310.16326904	      6.61470032	      0.00000000	      0.00000000
   3681.28002930	   -999.00000000	    312.32330322	      5.57487488	      0.00000000	      0.00000000
   4181.50976563	   -999.00000000	    314.50955200	      4.62731600	      0.00000000	      0.00000000
   4681.00000000	   -999.00000000	    316.70431519	      3.78093648	      0.00000000	      0.00000000
   5180.93994141	   -999.00000000	    318.86239624	      3.05075169	      0.00000000	      0.00000000
   5681.06982422	   -999.00000000	    320.93963623	      2.43198442	      0.00000000	      0.00000000
   6181.08984375	   -999.00000000	    322.94012451	      1.89630759	      0.00000000	      0.00000000
   6681.04980469	   -999.00000000	    324.86294556	      1.43305016	      0.00000000	      0.00000000
   7181.04980469	   -999.00000000	    326.66665649	      1.05342972	      0.00000000	      0.00000000
   7681.06005859	   -999.00000000	    328.29306030	      0.76512545	      0.00000000	      0.00000000
   8181.06005859	   -999.00000000	    329.72219849	      0.55524796	      0.00000000	      0.00000000
   8681.05957031	   -999.00000000	    330.96575928	      0.40180531	      0.00000000	      0.00000000
   9181.05957031	   -999.00000000	    332.04180908	      0.28704727	      0.00000000	      0.00000000
   9681.04980469	   -999.00000000	    332.96600342	      0.20149279	      0.00000000	      0.00000000
  10181.04003906	   -999.00000000	    333.75753784	      0.13947380	      0.00000000	      0.00000000
  10681.11035156	   -999.00000000	    334.43646240	      0.09614984	      0.00000000	      0.00000000
  11181.13964844	   -999.00000000	    335.02645874	      0.06698339	      0.00000000	      0.00000000
  11680.87988281	   -999.00000000	    335.56597900	      0.04713932	      0.00000000	      0.00000000
  12180.76953125	   -999.00000000	    336.15716553	      0.03267281	      0.00000000	      0.00000000
  12681.71972656	   -999.00000000	    337.18109131	      0.01925701	      0.00000000	      0.00000000
  13182.12011719	   -999.00000000	    339.08956909	      0.01096002	      0.00000000	      0.00000000
  13676.61035156	   -999.00000000	    342.32666016	      0.00766023	      0.00000000	      0.00000000
  14155.59960938	   -999.00000000	    347.31283569	      0.00654572	      0.00000000	      0.00000000
  14606.75976563	   -999.00000000	    353.90344238	      0.00612815	      0.00000000	      0.00000000
  15019.34960938	   -999.00000000	    361.14425659	      0.00629617	      0.00000000	      0.00000000
  15386.38964844	   -999.00000000	    367.93017578	      0.00677506	      0.00000000	      0.00000000
  15706.25976563	   -999.00000000	    373.78686523	      0.00716371	      0.00000000	      0.00000000
  15981.98046875	   -999.00000000	    378.87762451	      0.00722221	      0.00000000	      0.00000000
  16218.66992188	   -999.00000000	    383.47863770	      0.00689307	      0.00000000	      0.00000000
  16422.36914063	   -999.00000000	    387.72167969	      0.00621736	      0.00000000	      0.00000000
  16599.28906250	   -999.00000000	    391.65359497	      0.00538718	      0.00000000	      0.00000000
  16754.97070313	   -999.00000000	    395.33843994	      0.00460695	      0.00000000	      0.00000000
  16894.13085938	   -999.00000000	    398.78613281	      0.00401225	      0.00000000	      0.00000000
  17020.66015625	   -999.00000000	    401.98150635	      0.00365242	      0.00000000	      0.00000000
  17137.80078125	   -999.00000000	    404.93548584	      0.00350252	      0.00000000	      0.00000000
  17248.09960938	   -999.00000000	    407.69360352	      0.00348084	      0.00000000	      0.00000000
  17353.49023438	   -999.00000000	    410.31326294	      0.00348349	      0.00000000	      0.00000000
  17455.50976563	   -999.00000000	    412.84899902	      0.00348475	      0.00000000	      0.00000000
  17555.42968750	   -999.00000000	    415.33947754	      0.00347894	      0.00000000	      0.00000000
  17654.27929688	   -999.00000000	    417.80944824	      0.00346393	      0.00000000	      0.00000000
  17752.85937500	   -999.00000000	    420.27883911	      0.00344466	      0.00000000	      0.00000000
  17851.68945313	   -999.00000000	    422.76864624	      0.00342837	      0.00000000	      0.00000000
  17951.08007813	   -999.00000000	    425.31390381	      0.00342024	      0.00000000	      0.00000000
  18051.08007813	   -999.00000000	    427.94421387	      0.00341975	      0.00000000	      0.00000000
  18151.57031250	   -999.00000000	    430.64758301	      0.00341970	      0.00000000	      0.00000000
  18252.36914063	   -999.00000000	    433.37826538	      0.00341952	      0.00000000	      0.00000000
  18353.34960938	   -999.00000000	    436.10592651	      0.00341920	      0.00000000	      0.00000000
  18454.38085938	   -999.00000000	    438.83355713	      0.00341912	      0.00000000	      0.00000000
  18555.35937500	   -999.00000000	    441.58834839	      0.00341911	      0.00000000	      0.00000000
  18656.21093750	   -999.00000000	    444.35345459	      0.00341923	      0.00000000	      0.00000000
