      z[m]      p[mb]      tp[K]    q[g/kg]     u[m/s]     v[m/s]
      0.00,         37,    1005.50
   -999.00000000	   1000.00000000	      0.00000000	      0.00000000	      0.00000000	      0.00000000
   -999.00000000	    975.00000000	      0.00000000	      0.00000000	      0.00000000	      0.00000000
   -999.00000000	    950.00000000	      0.00000000	      0.00000000	      0.00000000	      0.00000000
   -999.00000000	    925.00000000	      0.00000000	      0.00000000	      0.00000000	      0.00000000
   -999.00000000	    900.00000000	      0.00000000	      0.00000000	      0.00000000	      0.00000000
   -999.00000000	    875.00000000	      0.00000000	      0.00000000	      0.00000000	      0.00000000
   -999.00000000	    850.00000000	      0.00000000	      0.00000000	      0.00000000	      0.00000000
   -999.00000000	    825.00000000	      0.00000000	      0.00000000	      0.00000000	      0.00000000
   -999.00000000	    800.00000000	      0.00000000	      0.00000000	      0.00000000	      0.00000000
   -999.00000000	    775.00000000	      0.00000000	      0.00000000	      0.00000000	      0.00000000
   -999.00000000	    750.00000000	      0.00000000	      0.00000000	      0.00000000	      0.00000000
   -999.00000000	    700.00000000	      0.00000000	      0.00000000	      0.00000000	      0.00000000
   -999.00000000	    650.00000000	      0.00000000	      0.00000000	      0.00000000	      0.00000000
   -999.00000000	    600.00000000	      0.00000000	      0.00000000	      0.00000000	      0.00000000
   -999.00000000	    550.00000000	      0.00000000	      0.00000000	      0.00000000	      0.00000000
   -999.00000000	    500.00000000	      0.00000000	      0.00000000	      0.00000000	      0.00000000
   -999.00000000	    450.00000000	      0.00000000	      0.00000000	      0.00000000	      0.00000000
   -999.00000000	    400.00000000	      0.00000000	      0.00000000	      0.00000000	      0.00000000
   -999.00000000	    350.00000000	      0.00000000	      0.00000000	      0.00000000	      0.00000000
   -999.00000000	    300.00000000	      0.00000000	      0.00000000	      0.00000000	      0.00000000
   -999.00000000	    250.00000000	      0.00000000	      0.00000000	      0.00000000	      0.00000000
   -999.00000000	    225.00000000	      0.00000000	      0.00000000	      0.00000000	      0.00000000
   -999.00000000	    200.00000000	      0.00000000	      0.00000000	      0.00000000	      0.00000000
   -999.00000000	    175.00000000	      0.00000000	      0.00000000	      0.00000000	      0.00000000
   -999.00000000	    150.00000000	      0.00000000	      0.00000000	      0.00000000	      0.00000000
   -999.00000000	    125.00000000	      0.00000000	      0.00000000	      0.00000000	      0.00000000
   -999.00000000	    100.00000000	      0.00000000	      0.00000000	      0.00000000	      0.00000000
   -999.00000000	     70.00000000	      0.00000000	      0.00000000	      0.00000000	      0.00000000
   -999.00000000	     50.00000000	      0.00000000	      0.00000000	      0.00000000	      0.00000000
   -999.00000000	     30.00000000	      0.00000000	      0.00000000	      0.00000000	      0.00000000
   -999.00000000	     20.00000000	      0.00000000	      0.00000000	      0.00000000	      0.00000000
   -999.00000000	     10.00000000	      0.00000000	      0.00000000	      0.00000000	      0.00000000
   -999.00000000	      7.00000000	      0.00000000	      0.00000000	      0.00000000	      0.00000000
   -999.00000000	      5.00000000	      0.00000000	      0.00000000	      0.00000000	      0.00000000
   -999.00000000	      3.00000000	      0.00000000	      0.00000000	      0.00000000	      0.00000000
   -999.00000000	      2.00000000	      0.00000000	      0.00000000	      0.00000000	      0.00000000
   -999.00000000	      1.00000000	      0.00000000	      0.00000000	      0.00000000	      0.00000000
  10000.00,         37,    1005.50
   -999.00000000	   1000.00000000	      0.00000000	      0.00000000	      0.00000000	      0.00000000
   -999.00000000	    975.00000000	      0.00000000	      0.00000000	      0.00000000	      0.00000000
   -999.00000000	    950.00000000	      0.00000000	      0.00000000	      0.00000000	      0.00000000
   -999.00000000	    925.00000000	      0.00000000	      0.00000000	      0.00000000	      0.00000000
   -999.00000000	    900.00000000	      0.00000000	      0.00000000	      0.00000000	      0.00000000
   -999.00000000	    875.00000000	      0.00000000	      0.00000000	      0.00000000	      0.00000000
   -999.00000000	    850.00000000	      0.00000000	      0.00000000	      0.00000000	      0.00000000
   -999.00000000	    825.00000000	      0.00000000	      0.00000000	      0.00000000	      0.00000000
   -999.00000000	    800.00000000	      0.00000000	      0.00000000	      0.00000000	      0.00000000
   -999.00000000	    775.00000000	      0.00000000	      0.00000000	      0.00000000	      0.00000000
   -999.00000000	    750.00000000	      0.00000000	      0.00000000	      0.00000000	      0.00000000
   -999.00000000	    700.00000000	      0.00000000	      0.00000000	      0.00000000	      0.00000000
   -999.00000000	    650.00000000	      0.00000000	      0.00000000	      0.00000000	      0.00000000
   -999.00000000	    600.00000000	      0.00000000	      0.00000000	      0.00000000	      0.00000000
   -999.00000000	    550.00000000	      0.00000000	      0.00000000	      0.00000000	      0.00000000
   -999.00000000	    500.00000000	      0.00000000	      0.00000000	      0.00000000	      0.00000000
   -999.00000000	    450.00000000	      0.00000000	      0.00000000	      0.00000000	      0.00000000
   -999.00000000	    400.00000000	      0.00000000	      0.00000000	      0.00000000	      0.00000000
   -999.00000000	    350.00000000	      0.00000000	      0.00000000	      0.00000000	      0.00000000
   -999.00000000	    300.00000000	      0.00000000	      0.00000000	      0.00000000	      0.00000000
   -999.00000000	    250.00000000	      0.00000000	      0.00000000	      0.00000000	      0.00000000
   -999.00000000	    225.00000000	      0.00000000	      0.00000000	      0.00000000	      0.00000000
   -999.00000000	    200.00000000	      0.00000000	      0.00000000	      0.00000000	      0.00000000
   -999.00000000	    175.00000000	      0.00000000	      0.00000000	      0.00000000	      0.00000000
   -999.00000000	    150.00000000	      0.00000000	      0.00000000	      0.00000000	      0.00000000
   -999.00000000	    125.00000000	      0.00000000	      0.00000000	      0.00000000	      0.00000000
   -999.00000000	    100.00000000	      0.00000000	      0.00000000	      0.00000000	      0.00000000
   -999.00000000	     70.00000000	      0.00000000	      0.00000000	      0.00000000	      0.00000000
   -999.00000000	     50.00000000	      0.00000000	      0.00000000	      0.00000000	      0.00000000
   -999.00000000	     30.00000000	      0.00000000	      0.00000000	      0.00000000	      0.00000000
   -999.00000000	     20.00000000	      0.00000000	      0.00000000	      0.00000000	      0.00000000
   -999.00000000	     10.00000000	      0.00000000	      0.00000000	      0.00000000	      0.00000000
   -999.00000000	      7.00000000	      0.00000000	      0.00000000	      0.00000000	      0.00000000
   -999.00000000	      5.00000000	      0.00000000	      0.00000000	      0.00000000	      0.00000000
   -999.00000000	      3.00000000	      0.00000000	      0.00000000	      0.00000000	      0.00000000
   -999.00000000	      2.00000000	      0.00000000	      0.00000000	      0.00000000	      0.00000000
   -999.00000000	      1.00000000	      0.00000000	      0.00000000	      0.00000000	      0.00000000
