  z[m] p[mb] tpls[K/s] qls[kg/kg/s] uls_hor vls_hor wls[m/s]
      0.00,         37,    1005.50
   -999.00000000,             1000,   0.00000000e+00,   0.00000000e+00,       0.00000000,       0.00000000,       0.00276618
   -999.00000000,              975,   0.00000000e+00,   0.00000000e+00,       0.00000000,       0.00000000,       0.00601118
   -999.00000000,              950,   0.00000000e+00,   0.00000000e+00,       0.00000000,       0.00000000,       0.00971852
   -999.00000000,              925,   0.00000000e+00,   0.00000000e+00,       0.00000000,       0.00000000,       0.01372033
   -999.00000000,              900,   0.00000000e+00,   0.00000000e+00,       0.00000000,       0.00000000,       0.01719990
   -999.00000000,              875,   0.00000000e+00,   0.00000000e+00,       0.00000000,       0.00000000,       0.02005708
   -999.00000000,              850,   0.00000000e+00,   0.00000000e+00,       0.00000000,       0.00000000,       0.02239456
   -999.00000000,              825,   0.00000000e+00,   0.00000000e+00,       0.00000000,       0.00000000,       0.02431331
   -999.00000000,              800,   0.00000000e+00,   0.00000000e+00,       0.00000000,       0.00000000,       0.02586296
   -999.00000000,              775,   0.00000000e+00,   0.00000000e+00,       0.00000000,       0.00000000,       0.02705338
   -999.00000000,              750,   0.00000000e+00,   0.00000000e+00,       0.00000000,       0.00000000,       0.02792975
   -999.00000000,              700,   0.00000000e+00,   0.00000000e+00,       0.00000000,       0.00000000,       0.02869925
   -999.00000000,              650,   0.00000000e+00,   0.00000000e+00,       0.00000000,       0.00000000,       0.02835590
   -999.00000000,              600,   0.00000000e+00,   0.00000000e+00,       0.00000000,       0.00000000,       0.02738277
   -999.00000000,              550,   0.00000000e+00,   0.00000000e+00,       0.00000000,       0.00000000,       0.02625555
   -999.00000000,              500,   0.00000000e+00,   0.00000000e+00,       0.00000000,       0.00000000,       0.02445768
   -999.00000000,              450,   0.00000000e+00,   0.00000000e+00,       0.00000000,       0.00000000,       0.02212961
   -999.00000000,              400,   0.00000000e+00,   0.00000000e+00,       0.00000000,       0.00000000,       0.01953093
   -999.00000000,              350,   0.00000000e+00,   0.00000000e+00,       0.00000000,       0.00000000,       0.01677638
   -999.00000000,              300,   0.00000000e+00,   0.00000000e+00,       0.00000000,       0.00000000,       0.01382724
   -999.00000000,              250,   0.00000000e+00,   0.00000000e+00,       0.00000000,       0.00000000,       0.01016286
   -999.00000000,              225,   0.00000000e+00,   0.00000000e+00,       0.00000000,       0.00000000,       0.00799652
   -999.00000000,              200,   0.00000000e+00,   0.00000000e+00,       0.00000000,       0.00000000,       0.00574557
   -999.00000000,              175,   0.00000000e+00,   0.00000000e+00,       0.00000000,       0.00000000,       0.00367451
   -999.00000000,              150,   0.00000000e+00,   0.00000000e+00,       0.00000000,       0.00000000,       0.00201750
   -999.00000000,              125,   0.00000000e+00,   0.00000000e+00,       0.00000000,       0.00000000,       0.00087906
   -999.00000000,              100,   0.00000000e+00,   0.00000000e+00,       0.00000000,       0.00000000,       0.00021612
   -999.00000000,               70,   0.00000000e+00,   0.00000000e+00,       0.00000000,       0.00000000,       0.00001683
   -999.00000000,               50,   0.00000000e+00,   0.00000000e+00,       0.00000000,       0.00000000,       0.00001246
   -999.00000000,               30,   0.00000000e+00,   0.00000000e+00,       0.00000000,       0.00000000,       0.00000515
   -999.00000000,               20,   0.00000000e+00,   0.00000000e+00,       0.00000000,       0.00000000,       0.00000186
   -999.00000000,               10,   0.00000000e+00,   0.00000000e+00,       0.00000000,       0.00000000,       0.00000086
   -999.00000000,                7,   0.00000000e+00,   0.00000000e+00,       0.00000000,       0.00000000,       0.00000046
   -999.00000000,                5,   0.00000000e+00,   0.00000000e+00,       0.00000000,       0.00000000,       0.00000025
   -999.00000000,                3,   0.00000000e+00,   0.00000000e+00,       0.00000000,       0.00000000,       0.00000012
   -999.00000000,                2,   0.00000000e+00,   0.00000000e+00,       0.00000000,       0.00000000,       0.00000004
   -999.00000000,                1,   0.00000000e+00,   0.00000000e+00,       0.00000000,       0.00000000,       0.00000001
  10000.00,         37,    1005.50
   -999.00000000,             1000,   0.00000000e+00,   0.00000000e+00,       0.00000000,       0.00000000,       0.00276618
   -999.00000000,              975,   0.00000000e+00,   0.00000000e+00,       0.00000000,       0.00000000,       0.00601118
   -999.00000000,              950,   0.00000000e+00,   0.00000000e+00,       0.00000000,       0.00000000,       0.00971852
   -999.00000000,              925,   0.00000000e+00,   0.00000000e+00,       0.00000000,       0.00000000,       0.01372033
   -999.00000000,              900,   0.00000000e+00,   0.00000000e+00,       0.00000000,       0.00000000,       0.01719990
   -999.00000000,              875,   0.00000000e+00,   0.00000000e+00,       0.00000000,       0.00000000,       0.02005708
   -999.00000000,              850,   0.00000000e+00,   0.00000000e+00,       0.00000000,       0.00000000,       0.02239456
   -999.00000000,              825,   0.00000000e+00,   0.00000000e+00,       0.00000000,       0.00000000,       0.02431331
   -999.00000000,              800,   0.00000000e+00,   0.00000000e+00,       0.00000000,       0.00000000,       0.02586296
   -999.00000000,              775,   0.00000000e+00,   0.00000000e+00,       0.00000000,       0.00000000,       0.02705338
   -999.00000000,              750,   0.00000000e+00,   0.00000000e+00,       0.00000000,       0.00000000,       0.02792975
   -999.00000000,              700,   0.00000000e+00,   0.00000000e+00,       0.00000000,       0.00000000,       0.02869925
   -999.00000000,              650,   0.00000000e+00,   0.00000000e+00,       0.00000000,       0.00000000,       0.02835590
   -999.00000000,              600,   0.00000000e+00,   0.00000000e+00,       0.00000000,       0.00000000,       0.02738277
   -999.00000000,              550,   0.00000000e+00,   0.00000000e+00,       0.00000000,       0.00000000,       0.02625555
   -999.00000000,              500,   0.00000000e+00,   0.00000000e+00,       0.00000000,       0.00000000,       0.02445768
   -999.00000000,              450,   0.00000000e+00,   0.00000000e+00,       0.00000000,       0.00000000,       0.02212961
   -999.00000000,              400,   0.00000000e+00,   0.00000000e+00,       0.00000000,       0.00000000,       0.01953093
   -999.00000000,              350,   0.00000000e+00,   0.00000000e+00,       0.00000000,       0.00000000,       0.01677638
   -999.00000000,              300,   0.00000000e+00,   0.00000000e+00,       0.00000000,       0.00000000,       0.01382724
   -999.00000000,              250,   0.00000000e+00,   0.00000000e+00,       0.00000000,       0.00000000,       0.01016286
   -999.00000000,              225,   0.00000000e+00,   0.00000000e+00,       0.00000000,       0.00000000,       0.00799652
   -999.00000000,              200,   0.00000000e+00,   0.00000000e+00,       0.00000000,       0.00000000,       0.00574557
   -999.00000000,              175,   0.00000000e+00,   0.00000000e+00,       0.00000000,       0.00000000,       0.00367451
   -999.00000000,              150,   0.00000000e+00,   0.00000000e+00,       0.00000000,       0.00000000,       0.00201750
   -999.00000000,              125,   0.00000000e+00,   0.00000000e+00,       0.00000000,       0.00000000,       0.00087906
   -999.00000000,              100,   0.00000000e+00,   0.00000000e+00,       0.00000000,       0.00000000,       0.00021612
   -999.00000000,               70,   0.00000000e+00,   0.00000000e+00,       0.00000000,       0.00000000,       0.00001683
   -999.00000000,               50,   0.00000000e+00,   0.00000000e+00,       0.00000000,       0.00000000,       0.00001246
   -999.00000000,               30,   0.00000000e+00,   0.00000000e+00,       0.00000000,       0.00000000,       0.00000515
   -999.00000000,               20,   0.00000000e+00,   0.00000000e+00,       0.00000000,       0.00000000,       0.00000186
   -999.00000000,               10,   0.00000000e+00,   0.00000000e+00,       0.00000000,       0.00000000,       0.00000086
   -999.00000000,                7,   0.00000000e+00,   0.00000000e+00,       0.00000000,       0.00000000,       0.00000046
   -999.00000000,                5,   0.00000000e+00,   0.00000000e+00,       0.00000000,       0.00000000,       0.00000025
   -999.00000000,                3,   0.00000000e+00,   0.00000000e+00,       0.00000000,       0.00000000,       0.00000012
   -999.00000000,                2,   0.00000000e+00,   0.00000000e+00,       0.00000000,       0.00000000,       0.00000004
   -999.00000000,                1,   0.00000000e+00,   0.00000000e+00,       0.00000000,       0.00000000,       0.00000001
